  -2.0000000e+00   5.0512610e-01
  -1.9780000e+00   5.4340338e-01
  -1.9560000e+00   5.8168066e-01
  -1.9340000e+00   6.2122432e-01
  -1.9120000e+00   6.6439068e-01
  -1.8900000e+00   7.0755704e-01
  -1.8680000e+00   7.5189469e-01
  -1.8460000e+00   7.9732203e-01
  -1.8240000e+00   8.4274936e-01
  -1.8020000e+00   8.8633858e-01
  -1.7800000e+00   9.2940046e-01
  -1.7580000e+00   9.7216314e-01
  -1.7360000e+00   1.0069344e+00
  -1.7140000e+00   1.0417057e+00
  -1.6920000e+00   1.0724973e+00
  -1.6700000e+00   1.0937832e+00
  -1.6480000e+00   1.1150691e+00
  -1.6260000e+00   1.1277795e+00
  -1.6040000e+00   1.1335897e+00
  -1.5820000e+00   1.1394000e+00
  -1.5600000e+00   1.1344393e+00
  -1.5380000e+00   1.1270037e+00
  -1.5160000e+00   1.1189697e+00
  -1.4940000e+00   1.1032439e+00
  -1.4720000e+00   1.0875181e+00
  -1.4500000e+00   1.0706329e+00
  -1.4280000e+00   1.0514068e+00
  -1.4060000e+00   1.0321806e+00
  -1.3840000e+00   1.0123186e+00
  -1.3620000e+00   9.9201524e-01
  -1.3400000e+00   9.7171188e-01
  -1.3180000e+00   9.5027209e-01
  -1.2960000e+00   9.2863058e-01
  -1.2740000e+00   9.0667348e-01
  -1.2520000e+00   8.8211714e-01
  -1.2300000e+00   8.5756080e-01
  -1.2080000e+00   8.3157541e-01
  -1.1860000e+00   8.0312830e-01
  -1.1640000e+00   7.7468120e-01
  -1.1420000e+00   7.4425519e-01
  -1.1200000e+00   7.1264847e-01
  -1.0980000e+00   6.8104176e-01
  -1.0760000e+00   6.4853492e-01
  -1.0540000e+00   6.1591150e-01
  -1.0320000e+00   5.8349540e-01
  -1.0100000e+00   5.5230811e-01
  -9.8800000e-01   5.2112083e-01
  -9.6600000e-01   4.9125706e-01
  -9.4400000e-01   4.6335086e-01
  -9.2200000e-01   4.3544466e-01
  -9.0000000e-01   4.1033799e-01
  -8.7800000e-01   3.8665812e-01
  -8.5600000e-01   3.6297825e-01
  -8.3400000e-01   3.4339269e-01
  -8.1200000e-01   3.2415628e-01
  -7.9000000e-01   3.0568645e-01
  -7.6800000e-01   2.9069829e-01
  -7.4600000e-01   2.7571012e-01
  -7.2400000e-01   2.6243697e-01
  -7.0200000e-01   2.5135128e-01
  -6.8000000e-01   2.4026558e-01
  -6.5800000e-01   2.3165487e-01
  -6.3600000e-01   2.2411249e-01
  -6.1400000e-01   2.1657011e-01
  -5.9200000e-01   2.1205248e-01
  -5.7000000e-01   2.0766905e-01
  -5.4800000e-01   2.0384447e-01
  -5.2600000e-01   2.0204191e-01
  -5.0400000e-01   2.0023935e-01
  -4.8200000e-01   1.9920603e-01
  -4.6000000e-01   1.9902100e-01
  -4.3800000e-01   1.9883598e-01
  -4.1600000e-01   1.9900894e-01
  -3.9400000e-01   1.9931125e-01
  -3.7200000e-01   1.9961356e-01
  -3.5000000e-01   1.9985975e-01
  -3.2800000e-01   2.0010557e-01
  -3.0600000e-01   2.0039035e-01
  -2.8400000e-01   2.0079043e-01
  -2.6200000e-01   2.0119050e-01
  -2.4000000e-01   2.0166397e-01
  -2.1800000e-01   2.0220750e-01
  -1.9600000e-01   2.0275102e-01
  -1.7400000e-01   2.0290337e-01
  -1.5200000e-01   2.0293931e-01
  -1.3000000e-01   2.0295347e-01
  -1.0800000e-01   2.0225558e-01
  -8.6000000e-02   2.0155768e-01
  -6.4000000e-02   2.0088656e-01
  -4.2000000e-02   2.0028137e-01
  -2.0000000e-02   1.9967618e-01
   2.0000000e-03   1.9953838e-01
   2.4000000e-02   1.9978652e-01
   4.6000000e-02   2.0003466e-01
   6.8000000e-02   2.0065576e-01
   9.0000000e-02   2.0136621e-01
   1.1200000e-01   2.0204440e-01
   1.3400000e-01   2.0226460e-01
   1.5600000e-01   2.0248479e-01
   1.7800000e-01   2.0250573e-01
   2.0000000e-01   2.0211246e-01
   2.2200000e-01   2.0171919e-01
   2.4400000e-01   2.0139529e-01
   2.6600000e-01   2.0112084e-01
   2.8800000e-01   2.0084639e-01
   3.1000000e-01   2.0102944e-01
   3.3200000e-01   2.0129779e-01
   3.5400000e-01   2.0161246e-01
   3.7600000e-01   2.0233543e-01
   3.9800000e-01   2.0305841e-01
   4.2000000e-01   2.0404314e-01
   4.4200000e-01   2.0549141e-01
   4.6400000e-01   2.0693967e-01
   4.8600000e-01   2.0939439e-01
   5.0800000e-01   2.1246620e-01
   5.3000000e-01   2.1553800e-01
   5.5200000e-01   2.2086659e-01
   5.7400000e-01   2.2650602e-01
   5.9600000e-01   2.3258420e-01
   6.1800000e-01   2.4140382e-01
   6.4000000e-01   2.5022343e-01
   6.6200000e-01   2.6043385e-01
   6.8400000e-01   2.7275687e-01
   7.0600000e-01   2.8507990e-01
   7.2800000e-01   2.9977150e-01
   7.5000000e-01   3.1570510e-01
   7.7200000e-01   3.3163870e-01
   7.9400000e-01   3.5069415e-01
   8.1600000e-01   3.7003948e-01
   8.3800000e-01   3.8985075e-01
   8.6000000e-01   4.1187309e-01
   8.8200000e-01   4.3389542e-01
   9.0400000e-01   4.5642988e-01
   9.2600000e-01   4.7963475e-01
   9.4800000e-01   5.0283961e-01
   9.7000000e-01   5.2533518e-01
   9.9200000e-01   5.4751519e-01
   1.0140000e+00   5.6969521e-01
   1.0360000e+00   5.8867457e-01
   1.0580000e+00   6.0748945e-01
   1.0800000e+00   6.2529163e-01
   1.1020000e+00   6.3928739e-01
   1.1240000e+00   6.5328315e-01
   1.1460000e+00   6.6511886e-01
   1.1680000e+00   6.7451056e-01
   1.1900000e+00   6.8390227e-01
   1.2120000e+00   6.9115940e-01
   1.2340000e+00   6.9761975e-01
   1.2560000e+00   7.0408010e-01
   1.2780000e+00   7.0957155e-01
   1.3000000e+00   7.1505046e-01
   1.3220000e+00   7.2051835e-01
   1.3440000e+00   7.2595253e-01
   1.3660000e+00   7.3138670e-01
   1.3880000e+00   7.3650385e-01
   1.4100000e+00   7.4131056e-01
   1.4320000e+00   7.4611727e-01
   1.4540000e+00   7.4929750e-01
   1.4760000e+00   7.5197606e-01
   1.4980000e+00   7.5457976e-01
   1.5200000e+00   7.5404462e-01
   1.5420000e+00   7.5350948e-01
   1.5640000e+00   7.5219933e-01
   1.5860000e+00   7.4891904e-01
   1.6080000e+00   7.4563876e-01
   1.6300000e+00   7.4202673e-01
   1.6520000e+00   7.3813364e-01
   1.6740000e+00   7.3424055e-01
   1.6960000e+00   7.3217870e-01
   1.7180000e+00   7.3057363e-01
   1.7400000e+00   7.2925430e-01
   1.7620000e+00   7.3246079e-01
   1.7840000e+00   7.3566728e-01
   1.8060000e+00   7.4084321e-01
   1.8280000e+00   7.5023493e-01
   1.8500000e+00   7.5962666e-01
   1.8720000e+00   7.7254501e-01
   1.8940000e+00   7.8804415e-01
   1.9160000e+00   8.0354330e-01
   1.9380000e+00   8.2293024e-01
   1.9600000e+00   8.4307733e-01
   1.9820000e+00   8.6344404e-01
   2.0040000e+00   8.8589136e-01
   2.0260000e+00   9.0833868e-01
   2.0480000e+00   9.3080600e-01
   2.0700000e+00   9.5330974e-01
   2.0920000e+00   9.7581348e-01
   2.1140000e+00   9.9773064e-01
   2.1360000e+00   1.0192783e+00
   2.1580000e+00   1.0408259e+00
   2.1800000e+00   1.0620723e+00
   2.2020000e+00   1.0832747e+00
   2.2240000e+00   1.1046034e+00
   2.2460000e+00   1.1267658e+00
   2.2680000e+00   1.1489282e+00
   2.2900000e+00   1.1715563e+00
   2.3120000e+00   1.1949110e+00
   2.3340000e+00   1.2182657e+00
   2.3560000e+00   1.2409718e+00
   2.3780000e+00   1.2633281e+00
   2.4000000e+00   1.2856844e+00
   2.4220000e+00   1.3031202e+00
   2.4440000e+00   1.3200612e+00
   2.4660000e+00   1.3353211e+00
   2.4880000e+00   1.3422351e+00
   2.5100000e+00   1.3491490e+00
   2.5320000e+00   1.3509377e+00
   2.5540000e+00   1.3458396e+00
   2.5760000e+00   1.3407415e+00
   2.5980000e+00   1.3289328e+00
   2.6200000e+00   1.3140481e+00
   2.6420000e+00   1.2991635e+00
   2.6640000e+00   1.2802620e+00
   2.6860000e+00   1.2611256e+00
   2.7080000e+00   1.2424065e+00
   2.7300000e+00   1.2253185e+00
   2.7520000e+00   1.2082305e+00
   2.7740000e+00   1.1942690e+00
   2.7960000e+00   1.1839369e+00
   2.8180000e+00   1.1736047e+00
   2.8400000e+00   1.1695231e+00
   2.8620000e+00   1.1678506e+00
   2.8840000e+00   1.1661781e+00
   2.9060000e+00   1.1719241e+00
   2.9280000e+00   1.1778153e+00
   2.9500000e+00   1.1846638e+00
   2.9720000e+00   1.1945467e+00
   2.9940000e+00   1.2044295e+00
   3.0160000e+00   1.2139343e+00
   3.0380000e+00   1.2230594e+00
   3.0600000e+00   1.2321844e+00
   3.0820000e+00   1.2377752e+00
   3.1040000e+00   1.2422369e+00
   3.1260000e+00   1.2465996e+00
   3.1480000e+00   1.2452098e+00
   3.1700000e+00   1.2438199e+00
   3.1920000e+00   1.2413426e+00
   3.2140000e+00   1.2360115e+00
   3.2360000e+00   1.2306805e+00
   3.2580000e+00   1.2251234e+00
   3.2800000e+00   1.2193698e+00
   3.3020000e+00   1.2136162e+00
   3.3240000e+00   1.2098434e+00
   3.3460000e+00   1.2065846e+00
   3.3680000e+00   1.2035061e+00
   3.3900000e+00   1.2036481e+00
   3.4120000e+00   1.2037900e+00
   3.4340000e+00   1.2046669e+00
   3.4560000e+00   1.2071643e+00
   3.4780000e+00   1.2096616e+00
   3.5000000e+00   1.2124643e+00
   3.5220000e+00   1.2154962e+00
   3.5440000e+00   1.2185282e+00
   3.5660000e+00   1.2209037e+00
   3.5880000e+00   1.2231449e+00
   3.6100000e+00   1.2252768e+00
   3.6320000e+00   1.2262909e+00
   3.6540000e+00   1.2273051e+00
   3.6760000e+00   1.2278797e+00
   3.6980000e+00   1.2276313e+00
   3.7200000e+00   1.2273828e+00
   3.7420000e+00   1.2263316e+00
   3.7640000e+00   1.2247608e+00
   3.7860000e+00   1.2231901e+00
   3.8080000e+00   1.2206396e+00
   3.8300000e+00   1.2179378e+00
   3.8520000e+00   1.2152058e+00
   3.8740000e+00   1.2122624e+00
   3.8960000e+00   1.2093190e+00
   3.9180000e+00   1.2067848e+00
   3.9400000e+00   1.2049067e+00
   3.9620000e+00   1.2030285e+00
   3.9840000e+00   1.2023138e+00
   4.0060000e+00   1.2022445e+00
   4.0280000e+00   1.2021751e+00
   4.0500000e+00   1.2032729e+00
   4.0720000e+00   1.2044972e+00
   4.0940000e+00   1.2057074e+00
   4.1160000e+00   1.2068444e+00
   4.1380000e+00   1.2079814e+00
   4.1600000e+00   1.2086483e+00
   4.1820000e+00   1.2086668e+00
   4.2040000e+00   1.2086854e+00
   4.2260000e+00   1.2080801e+00
   4.2480000e+00   1.2071802e+00
   4.2700000e+00   1.2062804e+00
   4.2920000e+00   1.2055339e+00
   4.3140000e+00   1.2047975e+00
   4.3360000e+00   1.2042414e+00
   4.3580000e+00   1.2044185e+00
   4.3800000e+00   1.2045956e+00
   4.4020000e+00   1.2049990e+00
   4.4240000e+00   1.2056719e+00
   4.4460000e+00   1.2063449e+00
   4.4680000e+00   1.2065000e+00
   4.4900000e+00   1.2064492e+00
   4.5120000e+00   1.2063984e+00
   4.5340000e+00   1.2048283e+00
   4.5560000e+00   1.2032183e+00
   4.5780000e+00   1.2013233e+00
   4.6000000e+00   1.1984923e+00
   4.6220000e+00   1.1956613e+00
   4.6440000e+00   1.1927632e+00
   4.6660000e+00   1.1897959e+00
   4.6880000e+00   1.1868286e+00
   4.7100000e+00   1.1842512e+00
   4.7320000e+00   1.1818027e+00
   4.7540000e+00   1.1793546e+00
   4.7760000e+00   1.1769494e+00
   4.7980000e+00   1.1745441e+00
   4.8200000e+00   1.1718469e+00
   4.8420000e+00   1.1683585e+00
   4.8640000e+00   1.1648702e+00
   4.8860000e+00   1.1605048e+00
   4.9080000e+00   1.1553572e+00
   4.9300000e+00   1.1502095e+00
   4.9520000e+00   1.1443233e+00
   4.9740000e+00   1.1382379e+00
   4.9960000e+00   1.1321828e+00
   5.0180000e+00   1.1267495e+00
   5.0400000e+00   1.1213161e+00
   5.0620000e+00   1.1164714e+00
   5.0840000e+00   1.1129643e+00
   5.1060000e+00   1.1094571e+00
   5.1280000e+00   1.1070595e+00
   5.1500000e+00   1.1055174e+00
   5.1720000e+00   1.1039752e+00
   5.1940000e+00   1.1030710e+00
   5.2160000e+00   1.1023032e+00
   5.2380000e+00   1.1014710e+00
   5.2600000e+00   1.0999225e+00
   5.2820000e+00   1.0983741e+00
   5.3040000e+00   1.0962652e+00
   5.3260000e+00   1.0930766e+00
   5.3480000e+00   1.0898880e+00
   5.3700000e+00   1.0858951e+00
   5.3920000e+00   1.0813676e+00
   5.4140000e+00   1.0768402e+00
   5.4360000e+00   1.0720941e+00
   5.4580000e+00   1.0673123e+00
   5.4800000e+00   1.0626331e+00
   5.5020000e+00   1.0587147e+00
   5.5240000e+00   1.0547964e+00
   5.5460000e+00   1.0514421e+00
   5.5680000e+00   1.0490167e+00
   5.5900000e+00   1.0465914e+00
   5.6120000e+00   1.0451461e+00
   5.6340000e+00   1.0442598e+00
   5.6560000e+00   1.0433735e+00
   5.6780000e+00   1.0435435e+00
   5.7000000e+00   1.0438364e+00
   5.7220000e+00   1.0442307e+00
   5.7440000e+00   1.0451791e+00
   5.7660000e+00   1.0461275e+00
   5.7880000e+00   1.0471414e+00
   5.8100000e+00   1.0482483e+00
   5.8320000e+00   1.0493552e+00
   5.8540000e+00   1.0503254e+00
   5.8760000e+00   1.0512291e+00
   5.8980000e+00   1.0521328e+00
   5.9200000e+00   1.0526706e+00
   5.9420000e+00   1.0531816e+00
   5.9640000e+00   1.0536118e+00
   5.9860000e+00   1.0536995e+00
   6.0080000e+00   1.0537872e+00
   6.0300000e+00   1.0537224e+00
   6.0520000e+00   1.0534711e+00
   6.0740000e+00   1.0532197e+00
   6.0960000e+00   1.0528293e+00
   6.1180000e+00   1.0523819e+00
   6.1400000e+00   1.0519344e+00
   6.1620000e+00   1.0514385e+00
   6.1840000e+00   1.0509409e+00
   6.2060000e+00   1.0504560e+00
   6.2280000e+00   1.0500138e+00
   6.2500000e+00   1.0495717e+00
   6.2720000e+00   1.0491750e+00
   6.2940000e+00   1.0488265e+00
   6.3160000e+00   1.0484779e+00
   6.3380000e+00   1.0481726e+00
   6.3600000e+00   1.0478821e+00
   6.3820000e+00   1.0475914e+00
   6.4040000e+00   1.0472617e+00
   6.4260000e+00   1.0469320e+00
   6.4480000e+00   1.0465575e+00
   6.4700000e+00   1.0460571e+00
   6.4920000e+00   1.0455568e+00
   6.5140000e+00   1.0448996e+00
   6.5360000e+00   1.0440988e+00
   6.5580000e+00   1.0432980e+00
   6.5800000e+00   1.0421909e+00
   6.6020000e+00   1.0409979e+00
   6.6240000e+00   1.0397882e+00
   6.6460000e+00   1.0381783e+00
   6.6680000e+00   1.0365685e+00
   6.6900000e+00   1.0348507e+00
   6.7120000e+00   1.0328804e+00
   6.7340000e+00   1.0309100e+00
   6.7560000e+00   1.0288125e+00
   6.7780000e+00   1.0266146e+00
   6.8000000e+00   1.0244166e+00
   6.8220000e+00   1.0221855e+00
   6.8440000e+00   1.0199470e+00
   6.8660000e+00   1.0177210e+00
   6.8880000e+00   1.0156475e+00
   6.9100000e+00   1.0135739e+00
   6.9320000e+00   1.0116171e+00
   6.9540000e+00   1.0098919e+00
   6.9760000e+00   1.0081667e+00
   6.9980000e+00   1.0067231e+00
   7.0200000e+00   1.0054716e+00
   7.0420000e+00   1.0042201e+00
   7.0640000e+00   1.0034102e+00
   7.0860000e+00   1.0026762e+00
   7.1080000e+00   1.0019955e+00
   7.1300000e+00   1.0017356e+00
   7.1520000e+00   1.0014758e+00
   7.1740000e+00   1.0013484e+00
   7.1960000e+00   1.0014451e+00
   7.2180000e+00   1.0015419e+00
   7.2400000e+00   1.0017604e+00
   7.2620000e+00   1.0020502e+00
   7.2840000e+00   1.0023400e+00
   7.3060000e+00   1.0026470e+00
   7.3280000e+00   1.0029560e+00
   7.3500000e+00   1.0032459e+00
   7.3720000e+00   1.0034253e+00
   7.3940000e+00   1.0036047e+00
   7.4160000e+00   1.0036912e+00
   7.4380000e+00   1.0036425e+00
   7.4600000e+00   1.0035939e+00
   7.4820000e+00   1.0033682e+00
   7.5040000e+00   1.0030539e+00
   7.5260000e+00   1.0027396e+00
   7.5480000e+00   1.0021946e+00
   7.5700000e+00   1.0016311e+00
   7.5920000e+00   1.0010304e+00
   7.6140000e+00   1.0002657e+00
   7.6360000e+00   9.9950091e-01
   7.6580000e+00   9.9866790e-01
   7.6800000e+00   9.9774928e-01
   7.7020000e+00   9.9683066e-01
   7.7240000e+00   9.9581234e-01
   7.7460000e+00   9.9475181e-01
   7.7680000e+00   9.9369128e-01
   7.7900000e+00   9.9244284e-01
   7.8120000e+00   9.9118691e-01
   7.8340000e+00   9.8985750e-01
   7.8560000e+00   9.8826854e-01
   7.8780000e+00   9.8667958e-01
   7.9000000e+00   9.8482307e-01
   7.9220000e+00   9.8267634e-01
   7.9440000e+00   9.8052961e-01
   7.9660000e+00   9.7775137e-01
   7.9880000e+00   9.7474974e-01
   8.0100000e+00   9.7174810e-01
   8.0320000e+00   9.6755629e-01
   8.0540000e+00   9.6336176e-01
   8.0760000e+00   9.5877509e-01
   8.0980000e+00   9.5305314e-01
   8.1200000e+00   9.4733119e-01
   8.1420000e+00   9.4067653e-01
   8.1640000e+00   9.3314617e-01
   8.1860000e+00   9.2561580e-01
   8.2080000e+00   9.1654427e-01
   8.2300000e+00   9.0702475e-01
   8.2520000e+00   8.9743642e-01
   8.2740000e+00   8.8588142e-01
   8.2960000e+00   8.7432642e-01
   8.3180000e+00   8.6220544e-01
   8.3400000e+00   8.4871765e-01
   8.3620000e+00   8.3522986e-01
   8.3840000e+00   8.2081003e-01
   8.4060000e+00   8.0563328e-01
   8.4280000e+00   7.9045654e-01
   8.4500000e+00   7.7419960e-01
   8.4720000e+00   7.5769072e-01
   8.4940000e+00   7.4111864e-01
   8.5160000e+00   7.2370543e-01
   8.5380000e+00   7.0629222e-01
   8.5600000e+00   6.8873017e-01
   8.5820000e+00   6.7086446e-01
   8.6040000e+00   6.5299875e-01
   8.6260000e+00   6.3512131e-01
   8.6480000e+00   6.1723563e-01
   8.6700000e+00   5.9934996e-01
   8.6920000e+00   5.8176919e-01
   8.7140000e+00   5.6424351e-01
   8.7360000e+00   5.4678853e-01
   8.7580000e+00   5.2992990e-01
   8.7800000e+00   5.1307128e-01
   8.8020000e+00   4.9653883e-01
   8.8240000e+00   4.8057385e-01
   8.8460000e+00   4.6460886e-01
   8.8680000e+00   4.4929436e-01
   8.8900000e+00   4.3437176e-01
   8.9120000e+00   4.1944917e-01
   8.9340000e+00   4.0551800e-01
   8.9560000e+00   3.9171813e-01
   8.9780000e+00   3.7808128e-01
   9.0000000e+00   3.6542886e-01
