0.29613
0.30905
0.32267
0.33703
0.35217
0.36814
0.38498
0.40276
0.42152
0.44131
0.46221
0.48427
0.50756
0.53214
0.55807
0.58543
0.61428
0.64469
0.67674
0.71047
0.74596
0.78325
0.8224
0.86345
0.90641
0.95131
0.99815
1.0469
1.0975
1.1498
1.2039
1.2594
1.3163
1.3743
1.4331
1.4924
1.5519
1.611
1.6695
1.7267
1.7821
1.8352
1.8855
1.9322
1.975
2.0133
2.0466
2.0745
2.0968
2.1131
2.1235
2.1277
2.1262
2.1189
2.1062
2.0882
2.0656
2.0388
2.0083
1.9746
1.9383
1.9
1.86
1.819
1.7773
1.7353
1.6934
1.6519
1.6111
1.571
1.532
1.494
1.4573
1.4219
1.3878
1.3552
1.324
1.2942
1.2659
1.2391
1.2138
1.1901
1.1678
1.1471
1.1279
1.1102
1.094
1.0792
1.0659
1.054
1.0435
1.0342
1.0262
1.0194
1.0137
1.009
1.0054
1.0027
1.0009
1
1
1.0009
1.0027
1.0054
1.009
1.0137
1.0194
1.0262
1.0342
1.0435
1.054
1.0659
1.0792
1.094
1.1102
1.1279
1.1471
1.1678
1.1901
1.2138
1.2391
1.2659
1.2942
1.324
1.3552
1.3878
1.4219
1.4573
1.494
1.532
1.571
1.6111
1.6519
1.6934
1.7353
1.7773
1.819
1.86
1.9
1.9383
1.9746
2.0083
2.0388
2.0656
2.0882
2.1062
2.1189
2.1262
2.1277
2.1235
2.1131
2.0968
2.0745
2.0466
2.0133
1.975
1.9322
1.8855
1.8352
1.7821
1.7267
1.6695
1.611
1.5519
1.4924
1.4331
1.3743
1.3163
1.2594
1.2039
1.1498
1.0975
1.0469
0.99815
0.95131
0.90641
0.86345
0.8224
0.78325
0.74596
0.71047
0.67674
0.64469
0.61428
0.58543
0.55807
0.53214
0.50756
0.48427
0.46221
0.44131
0.42152
0.40276
0.38498
0.36814
0.35217
0.33703
0.32267
0.30905
0.29613
