2.6033
2.6077
2.6118
2.6157
2.6193
2.6226
2.6256
2.6284
2.6308
2.633
2.635
2.6367
2.6381
2.6393
2.6402
2.6408
2.6412
2.6414
2.6413
2.6409
2.6403
2.6395
2.6385
2.6372
2.6357
2.634
2.632
2.6298
2.6275
2.6249
2.6221
2.6191
2.6159
2.6125
2.609
2.6052
2.6013
2.5972
2.5929
2.5885
2.5839
2.5791
2.5742
2.5691
2.5638
2.5585
2.553
2.5473
2.5415
2.5356
2.5296
2.5235
2.5172
2.5108
2.5044
2.4978
2.4911
2.4843
2.4774
2.4705
2.4635
2.4563
2.4491
2.4419
2.4345
2.4271
2.4196
2.4121
2.4045
2.3969
2.3892
2.3814
2.3736
2.3658
2.3579
2.35
2.3421
2.3341
2.3261
2.318
2.31
2.3019
2.2938
2.2856
2.2775
2.2693
2.2611
2.253
2.2448
2.2365
2.2283
2.2201
2.2119
2.2036
2.1954
2.1872
2.1789
2.1707
2.1624
2.1542
2.146
2.1377
2.1295
2.1213
2.1131
2.1048
2.0966
2.0884
2.0803
2.0721
2.0639
2.0557
2.0476
2.0394
2.0313
2.0232
2.0151
2.007
1.9989
1.9908
1.9827
1.9747
1.9666
1.9586
1.9506
1.9426
1.9346
1.9266
1.9187
1.9107
1.9028
1.8949
1.887
1.8791
1.8713
1.8634
1.8556
1.8478
1.8401
1.8323
1.8246
1.8169
1.8092
1.8015
1.7939
1.7863
1.7787
1.7712
1.7636
1.7561
1.7487
1.7413
1.7339
1.7265
1.7192
1.7119
1.7046
1.6974
1.6903
1.6831
1.676
1.669
1.662
1.6551
1.6482
1.6413
1.6345
1.6277
1.621
1.6144
1.6078
1.6012
1.5948
1.5883
1.582
1.5757
1.5694
1.5632
1.5571
1.551
1.545
1.5391
1.5332
1.5274
1.5217
1.516
1.5104
1.5049
1.4994
1.494
1.4887
1.4834
1.4782
1.4731
1.4681
1.4631
1.4582
1.4533
1.4485
1.4438
1.4392
1.4346
1.4301
1.4257
1.4213
1.417
1.4127
1.4085
1.4044
1.4003
1.3963
1.3924
1.3885
1.3846
1.3809
1.3771
1.3734
1.3698
1.3662
1.3627
1.3592
1.3558
1.3524
1.349
1.3457
1.3424
1.3392
1.336
1.3328
1.3296
1.3265
1.3234
1.3204
1.3173
1.3143
1.3113
1.3083
1.3054
1.3024
1.2995
1.2966
1.2937
1.2908
1.2879
1.285
1.2822
1.2793
1.2764
1.2736
1.2707
1.2679
1.265
1.2622
1.2593
1.2565
1.2536
1.2508
1.2479
1.245
1.2422
1.2393
1.2364
1.2336
1.2307
1.2278
1.2249
1.222
1.2191
1.2162
1.2133
1.2104
1.2075
1.2046
1.2017
1.1988
1.1959
1.193
1.1901
1.1872
1.1843
1.1815
1.1786
1.1758
1.1729
1.1701
1.1673
1.1644
1.1617
1.1589
1.1561
1.1534
1.1507
1.148
1.1453
1.1427
1.1401
1.1375
1.135
1.1324
1.1299
1.1275
1.1251
1.1227
1.1204
1.1181
1.1158
1.1136
1.1114
1.1092
1.1072
1.1051
1.1031
1.1011
1.0992
1.0974
1.0956
1.0938
1.0921
1.0904
1.0888
1.0872
1.0857
1.0842
1.0828
1.0815
1.0801
1.0789
1.0776
1.0765
1.0753
1.0742
1.0732
1.0722
1.0712
1.0703
1.0694
1.0686
1.0678
1.0671
1.0663
1.0656
1.065
1.0644
1.0638
1.0632
1.0627
1.0621
1.0616
1.0612
1.0607
1.0603
1.0599
1.0595
1.0591
1.0587
1.0583
1.0579
1.0576
1.0572
1.0568
1.0565
1.0561
1.0557
1.0554
1.055
1.0546
1.0542
1.0538
1.0534
1.0529
1.0525
1.052
1.0515
1.051
1.0505
1.0499
1.0494
1.0488
1.0481
1.0475
1.0468
1.0461
1.0454
1.0447
1.0439
1.0431
1.0423
1.0414
1.0406
1.0396
1.0387
1.0378
1.0368
1.0358
1.0348
1.0337
1.0326
1.0315
1.0304
1.0293
1.0281
1.027
1.0258
1.0246
1.0233
1.0221
1.0209
1.0196
1.0184
1.0171
1.0158
1.0145
1.0133
1.012
1.0107
1.0094
1.0082
1.0069
1.0056
1.0044
1.0032
1.0019
1.0007
0.99956
0.99839
0.99725
0.99612
0.99502
0.99395
0.9929
0.99187
0.99088
0.98992
0.98899
0.9881
0.98724
0.98642
0.98563
0.98488
0.98417
0.9835
0.98286
0.98227
0.98172
0.98122
0.98075
0.98033
0.97995
0.97961
0.97932
0.97907
0.97886
0.97869
0.97857
0.97849
0.97844
0.97844
0.97848
0.97856
0.97867
0.97882
0.97901
0.97923
0.97949
0.97978
0.9801
0.98045
0.98083
0.98123
0.98166
0.98211
0.98259
0.98308
0.98359
0.98412
0.98467
0.98523
0.9858
0.98638
0.98696
0.98756
0.98815
0.98875
0.98935
0.98995
0.99054
0.99113
0.99172
0.99229
0.99286
0.99341
0.99395
0.99447
0.99498
0.99547
0.99594
0.99639
0.99682
0.99723
0.99761
0.99797
0.9983
0.9986
0.99887
0.99912
0.99934
0.99953
0.99968
0.99981
0.9999
0.99997
1
1
0.99997
0.9999
0.99981
0.99968
0.99953
0.99934
0.99912
0.99887
0.9986
0.9983
0.99797
0.99761
0.99723
0.99682
0.99639
0.99594
0.99547
0.99498
0.99447
0.99395
0.99341
0.99286
0.99229
0.99172
0.99113
0.99054
0.98995
0.98935
0.98875
0.98815
0.98756
0.98696
0.98638
0.9858
0.98523
0.98467
0.98412
0.98359
0.98308
0.98259
0.98211
0.98166
0.98123
0.98083
0.98045
0.9801
0.97978
0.97949
0.97923
0.97901
0.97882
0.97867
0.97856
0.97848
0.97844
0.97844
0.97849
0.97857
0.97869
0.97886
0.97907
0.97932
0.97961
0.97995
0.98033
0.98075
0.98122
0.98172
0.98227
0.98286
0.9835
0.98417
0.98488
0.98563
0.98642
0.98724
0.9881
0.98899
0.98992
0.99088
0.99187
0.9929
0.99395
0.99502
0.99612
0.99725
0.99839
0.99956
1.0007
1.0019
1.0032
1.0044
1.0056
1.0069
1.0082
1.0094
1.0107
1.012
1.0133
1.0145
1.0158
1.0171
1.0184
1.0196
1.0209
1.0221
1.0233
1.0246
1.0258
1.027
1.0281
1.0293
1.0304
1.0315
1.0326
1.0337
1.0348
1.0358
1.0368
1.0378
1.0387
1.0396
1.0406
1.0414
1.0423
1.0431
1.0439
1.0447
1.0454
1.0461
1.0468
1.0475
1.0481
1.0488
1.0494
1.0499
1.0505
1.051
1.0515
1.052
1.0525
1.0529
1.0534
1.0538
1.0542
1.0546
1.055
1.0554
1.0557
1.0561
1.0565
1.0568
1.0572
1.0576
1.0579
1.0583
1.0587
1.0591
1.0595
1.0599
1.0603
1.0607
1.0612
1.0616
1.0621
1.0627
1.0632
1.0638
1.0644
1.065
1.0656
1.0663
1.0671
1.0678
1.0686
1.0694
1.0703
1.0712
1.0722
1.0732
1.0742
1.0753
1.0765
1.0776
1.0789
1.0801
1.0815
1.0828
1.0842
1.0857
1.0872
1.0888
1.0904
1.0921
1.0938
1.0956
1.0974
1.0992
1.1011
1.1031
1.1051
1.1072
1.1092
1.1114
1.1136
1.1158
1.1181
1.1204
1.1227
1.1251
1.1275
1.1299
1.1324
1.135
1.1375
1.1401
1.1427
1.1453
1.148
1.1507
1.1534
1.1561
1.1589
1.1617
1.1644
1.1673
1.1701
1.1729
1.1758
1.1786
1.1815
1.1843
1.1872
1.1901
1.193
1.1959
1.1988
1.2017
1.2046
1.2075
1.2104
1.2133
1.2162
1.2191
1.222
1.2249
1.2278
1.2307
1.2336
1.2364
1.2393
1.2422
1.245
1.2479
1.2508
1.2536
1.2565
1.2593
1.2622
1.265
1.2679
1.2707
1.2736
1.2764
1.2793
1.2822
1.285
1.2879
1.2908
1.2937
1.2966
1.2995
1.3024
1.3054
1.3083
1.3113
1.3143
1.3173
1.3204
1.3234
1.3265
1.3296
1.3328
1.336
1.3392
1.3424
1.3457
1.349
1.3524
1.3558
1.3592
1.3627
1.3662
1.3698
1.3734
1.3771
1.3809
1.3846
1.3885
1.3924
1.3963
1.4003
1.4044
1.4085
1.4127
1.417
1.4213
1.4257
1.4301
1.4346
1.4392
1.4438
1.4485
1.4533
1.4582
1.4631
1.4681
1.4731
1.4782
1.4834
1.4887
1.494
1.4994
1.5049
1.5104
1.516
1.5217
1.5274
1.5332
1.5391
1.545
1.551
1.5571
1.5632
1.5694
1.5757
1.582
1.5883
1.5948
1.6012
1.6078
1.6144
1.621
1.6277
1.6345
1.6413
1.6482
1.6551
1.662
1.669
1.676
1.6831
1.6903
1.6974
1.7046
1.7119
1.7192
1.7265
1.7339
1.7413
1.7487
1.7561
1.7636
1.7712
1.7787
1.7863
1.7939
1.8015
1.8092
1.8169
1.8246
1.8323
1.8401
1.8478
1.8556
1.8634
1.8713
1.8791
1.887
1.8949
1.9028
1.9107
1.9187
1.9266
1.9346
1.9426
1.9506
1.9586
1.9666
1.9747
1.9827
1.9908
1.9989
2.007
2.0151
2.0232
2.0313
2.0394
2.0476
2.0557
2.0639
2.0721
2.0803
2.0884
2.0966
2.1048
2.1131
2.1213
2.1295
2.1377
2.146
2.1542
2.1624
2.1707
2.1789
2.1872
2.1954
2.2036
2.2119
2.2201
2.2283
2.2365
2.2448
2.253
2.2611
2.2693
2.2775
2.2856
2.2938
2.3019
2.31
2.318
2.3261
2.3341
2.3421
2.35
2.3579
2.3658
2.3736
2.3814
2.3892
2.3969
2.4045
2.4121
2.4196
2.4271
2.4345
2.4419
2.4491
2.4563
2.4635
2.4705
2.4774
2.4843
2.4911
2.4978
2.5044
2.5108
2.5172
2.5235
2.5296
2.5356
2.5415
2.5473
2.553
2.5585
2.5638
2.5691
2.5742
2.5791
2.5839
2.5885
2.5929
2.5972
2.6013
2.6052
2.609
2.6125
2.6159
2.6191
2.6221
2.6249
2.6275
2.6298
2.632
2.634
2.6357
2.6372
2.6385
2.6395
2.6403
2.6409
2.6413
2.6414
2.6412
2.6408
2.6402
2.6393
2.6381
2.6367
2.635
2.633
2.6308
2.6284
2.6256
2.6226
2.6193
2.6157
2.6118
2.6077
2.6033
