0.22368
0.22369
0.22371
0.22374
0.22377
0.2238
0.22384
0.2239
0.22396
0.22404
0.22414
0.22425
0.2244
0.22457
0.22479
0.22505
0.22537
0.22576
0.22623
0.22681
0.22752
0.22838
0.22942
0.23069
0.23224
0.2341
0.23636
0.23909
0.24237
0.2463
0.25101
0.25661
0.26326
0.27109
0.28027
0.29097
0.30335
0.31756
0.33376
0.35205
0.37252
0.39522
0.42014
0.44719
0.47624
0.50705
0.53931
0.57262
0.60653
0.64053
0.6741
0.7067
0.7067
0.70479
0.70167
0.69776
0.69358
0.68973
0.68676
0.68518
0.68538
0.68763
0.69203
0.69858
0.70711
0.71741
0.72919
0.74214
0.75594
0.77032
0.78501
0.79979
0.81447
0.82889
0.84294
0.85651
0.86955
0.88199
0.8938
0.90494
0.91541
0.92519
0.93428
0.94269
0.95041
0.95748
0.96389
0.96968
0.97487
0.97948
0.98354
0.98707
0.99012
0.99271
0.99487
0.99662
0.998
0.99901
0.99967
1
1
0.99967
0.99901
0.998
0.99662
0.99487
0.99271
0.99012
0.98707
0.98354
0.97948
0.97487
0.96968
0.96389
0.95748
0.95041
0.94269
0.93428
0.92519
0.91541
0.90494
0.8938
0.88199
0.86955
0.85651
0.84294
0.82889
0.81447
0.79979
0.78501
0.77032
0.75594
0.74214
0.72919
0.71741
0.70711
0.69858
0.69203
0.68763
0.68538
0.68518
0.68676
0.68973
0.69358
0.69776
0.70167
0.70479
0.7067
0.7067
0.6741
0.64053
0.60653
0.57262
0.53931
0.50705
0.47624
0.44719
0.42014
0.39522
0.37252
0.35205
0.33376
0.31756
0.30335
0.29097
0.28027
0.27109
0.26326
0.25661
0.25101
0.2463
0.24237
0.23909
0.23636
0.2341
0.23224
0.23069
0.22942
0.22838
0.22752
0.22681
0.22623
0.22576
0.22537
0.22505
0.22479
0.22457
0.2244
0.22425
0.22414
0.22404
0.22396
0.2239
0.22384
0.2238
0.22377
0.22374
0.22371
0.22369
0.22368
