0.31732
0.33223
0.34751
0.36315
0.37915
0.39548
0.41212
0.42906
0.44628
0.46376
0.48147
0.49939
0.51749
0.53574
0.55412
0.57259
0.59112
0.60969
0.62824
0.64676
0.66519
0.68352
0.70168
0.71966
0.73741
0.75488
0.77205
0.78887
0.8053
0.8213
0.83683
0.85186
0.86635
0.88026
0.89356
0.9062
0.91817
0.92942
0.93993
0.94966
0.9586
0.96672
0.97399
0.9804
0.98593
0.99056
0.99428
0.99708
0.99895
0.99988
0.99988
0.99895
0.99708
0.99428
0.99056
0.98593
0.9804
0.97399
0.96672
0.9586
0.94966
0.93993
0.92942
0.91817
0.9062
0.89356
0.88026
0.86635
0.85186
0.83683
0.8213
0.8053
0.78887
0.77205
0.75488
0.73741
0.71966
0.70168
0.68352
0.66519
0.64676
0.62824
0.60969
0.59112
0.57259
0.55412
0.53574
0.51749
0.49939
0.48147
0.46376
0.44628
0.42906
0.41212
0.39548
0.37915
0.36315
0.34751
0.33223
0.31732
