0.22368
0.22369
0.22371
0.22374
0.22377
0.2238
0.22384
0.2239
0.22396
0.22404
0.22414
0.22426
0.2244
0.22458
0.22479
0.22505
0.22538
0.22577
0.22624
0.22683
0.22753
0.2284
0.22945
0.23072
0.23227
0.23415
0.23641
0.23915
0.24244
0.24639
0.25112
0.25674
0.26341
0.27127
0.28048
0.29122
0.30364
0.3179
0.33414
0.35248
0.37302
0.39578
0.42076
0.44789
0.47701
0.5079
0.54023
0.57363
0.60762
0.6417
0.67534
0.70802
0.70802
0.71234
0.7197
0.72951
0.74106
0.75353
0.7661
0.77802
0.78866
0.79765
0.80481
0.81021
0.8141
0.81685
0.81888
0.82062
0.82243
0.8246
0.82736
0.83085
0.83514
0.84026
0.84618
0.85284
0.86018
0.86808
0.87646
0.88518
0.89415
0.90323
0.91233
0.92131
0.9301
0.93858
0.94667
0.95431
0.96143
0.96799
0.97395
0.97929
0.984
0.98809
0.99155
0.9944
0.99666
0.99834
0.99945
1
1
0.99945
0.99834
0.99666
0.9944
0.99155
0.98809
0.984
0.97929
0.97395
0.96799
0.96143
0.95431
0.94667
0.93858
0.9301
0.92131
0.91233
0.90323
0.89415
0.88518
0.87646
0.86808
0.86018
0.85284
0.84618
0.84026
0.83514
0.83085
0.82736
0.8246
0.82243
0.82062
0.81888
0.81685
0.8141
0.81021
0.80481
0.79765
0.78866
0.77802
0.7661
0.75353
0.74106
0.72951
0.7197
0.71234
0.70802
0.70802
0.67534
0.6417
0.60762
0.57363
0.54023
0.5079
0.47701
0.44789
0.42076
0.39578
0.37302
0.35248
0.33414
0.3179
0.30364
0.29122
0.28048
0.27127
0.26341
0.25674
0.25112
0.24639
0.24244
0.23915
0.23641
0.23415
0.23227
0.23072
0.22945
0.2284
0.22753
0.22683
0.22624
0.22577
0.22538
0.22505
0.22479
0.22458
0.2244
0.22426
0.22414
0.22404
0.22396
0.2239
0.22384
0.2238
0.22377
0.22374
0.22371
0.22369
0.22368
