0.22365
0.22367
0.22369
0.22371
0.22374
0.22378
0.22382
0.22387
0.22394
0.22401
0.22411
0.22423
0.22437
0.22455
0.22476
0.22502
0.22534
0.22573
0.22621
0.22679
0.22749
0.22835
0.2294
0.23067
0.23221
0.23408
0.23634
0.23906
0.24234
0.24628
0.25098
0.25659
0.26323
0.27106
0.28024
0.29094
0.30332
0.31753
0.33372
0.35201
0.37248
0.39518
0.42009
0.44714
0.47619
0.50699
0.53925
0.57256
0.60646
0.64046
0.67402
0.70662
0.70662
0.70472
0.70159
0.69768
0.69351
0.68965
0.68668
0.6851
0.6853
0.68755
0.69196
0.6985
0.70704
0.71733
0.72911
0.74206
0.75586
0.77024
0.78493
0.7997
0.81438
0.8288
0.84284
0.85642
0.86945
0.88189
0.8937
0.90484
0.91531
0.92509
0.93418
0.94258
0.95031
0.95737
0.96379
0.96958
0.97476
0.97937
0.98343
0.98697
0.99002
0.9926
0.99476
0.99651
0.99789
0.9989
0.99956
0.99989
0.99989
0.99956
0.9989
0.99789
0.99651
0.99476
0.9926
0.99002
0.98697
0.98343
0.97937
0.97476
0.96958
0.96379
0.95737
0.95031
0.94258
0.93418
0.92509
0.91531
0.90484
0.8937
0.88189
0.86945
0.85642
0.84284
0.8288
0.81438
0.7997
0.78493
0.77024
0.75586
0.74206
0.72911
0.71733
0.70704
0.6985
0.69196
0.68755
0.6853
0.6851
0.68668
0.68965
0.69351
0.69768
0.70159
0.70472
0.70662
0.70662
0.67402
0.64046
0.60646
0.57256
0.53925
0.50699
0.47619
0.44714
0.42009
0.39518
0.37248
0.35201
0.33372
0.31753
0.30332
0.29094
0.28024
0.27106
0.26323
0.25659
0.25098
0.24628
0.24234
0.23906
0.23634
0.23408
0.23221
0.23067
0.2294
0.22835
0.22749
0.22679
0.22621
0.22573
0.22534
0.22502
0.22476
0.22455
0.22437
0.22423
0.22411
0.22401
0.22394
0.22387
0.22382
0.22378
0.22374
0.22371
0.22369
0.22367
0.22365
