0.073182
0.07639
0.079793
0.083408
0.08725
0.091339
0.095694
0.10034
0.1053
0.11059
0.11626
0.12233
0.12884
0.13583
0.14335
0.15145
0.16017
0.16959
0.17978
0.19081
0.20277
0.21577
0.22991
0.24532
0.26214
0.28053
0.30069
0.32281
0.34713
0.37393
0.4035
0.43621
0.47246
0.51269
0.55743
0.60729
0.66294
0.72515
0.7948
0.87288
0.9605
1.0589
1.1694
1.2934
1.4325
1.5881
1.7617
1.9545
2.1674
2.4002
2.6523
2.9212
3.2029
3.4911
3.7772
4.0503
4.2978
4.5064
4.6635
4.7592
4.7872
4.7465
4.6413
4.4803
4.2753
4.0394
3.7857
3.5258
3.2692
3.0229
2.7919
2.579
2.3855
2.2116
2.0564
1.9189
1.7975
1.6907
1.5967
1.5142
1.4418
1.3781
1.3221
1.2729
1.2297
1.1918
1.1587
1.1298
1.1049
1.0835
1.0652
1.0499
1.0371
1.0267
1.0184
1.0118
1.0069
1.0034
1.0011
1
1
1.0011
1.0034
1.0069
1.0118
1.0184
1.0267
1.0371
1.0499
1.0652
1.0835
1.1049
1.1298
1.1587
1.1918
1.2297
1.2729
1.3221
1.3781
1.4418
1.5142
1.5967
1.6907
1.7975
1.9189
2.0564
2.2116
2.3855
2.579
2.7919
3.0229
3.2692
3.5258
3.7857
4.0394
4.2753
4.4803
4.6413
4.7465
4.7872
4.7592
4.6635
4.5064
4.2978
4.0503
3.7772
3.4911
3.2029
2.9212
2.6523
2.4002
2.1674
1.9545
1.7617
1.5881
1.4325
1.2934
1.1694
1.0589
0.9605
0.87288
0.7948
0.72515
0.66294
0.60729
0.55743
0.51269
0.47246
0.43621
0.4035
0.37393
0.34713
0.32281
0.30069
0.28053
0.26214
0.24532
0.22991
0.21577
0.20277
0.19081
0.17978
0.16959
0.16017
0.15145
0.14335
0.13583
0.12884
0.12233
0.11626
0.11059
0.1053
0.10034
0.095694
0.091339
0.08725
0.083408
0.079793
0.07639
0.073182
